9 5 2 1 1 0 2 6 3 1 3 2 3 3 3
9 5 2 1 1 0 3 6 3 1 3 2 3 3 3
9 5 0 0 1 0 0 1 1 1 0
9 5 2 1 1 0 4 8 3 4 7 3 7 2 7
9 5 0 0 1 0 0 2 1 1 1
9 5 0 0 1 0 0 1 1 1 1
9 5 0 0 1 0 2 0 2 1 0 1 1
9 5 1 1 1 0 2 3 3 1 2 2 1 2 0
9 5 0 2 1 0 4 1 7 3 0 4 0 1 1 1 2 2 2 3 2 4 2
9 5 2 1 1 0 4 0 4 3 0 3 1 3 2 3 3
9 5 2 1 1 0 3 2 2 2 2 3 1
9 5 1 3 1 0 3 5 3 1 5 2 4 3 3
9 5 2 3 1 0 2 5 3 1 5 2 4 3 3
9 5 2 2 1 0 3 6 5 1 2 1 3 2 3 3 3 3 2
9 5 2 2 1 0 4 5 5 1 2 1 3 2 3 3 3 3 2
9 5 2 2 1 0 1 6 8 0 3 1 3 2 3 3 3 4 5 3 6 2 6 1 5
9 5 2 2 1 0 2 4 7 1 2 1 3 1 4 2 3 3 2 3 3 3 4
9 5 0 0 1 0 4 5 7 1 2 2 1 3 0 0 6 1 5 2 4 3 3
9 5 0 0 1 0 2 7 22 0 1 1 1 2 1 3 1 0 2 1 2 2 2 1 4 2 4 3 4 4 4 0 6 1 6 2 6 3 6 0 7 1 7 0 8 1 8 2 8 3 8 4 8
9 5 0 0 1 0 0 7 18 0 1 1 1 2 1 3 1 1 3 2 3 3 3 4 3 2 4 0 6 1 6 2 6 3 6 0 8 1 8 2 8 3 8 4 8