4 3 4 5 5 4 5 6 5 6 5 6 6 6 5 5 7 8 6 7
5 9 6 6 7 8 8 9 8 9 6 9 7 6 7 12 8 9 10 9
8 6 8 8 8 8 9 10 10 8 9 9 10 11 10 8 9 9 10 11
10 9 10 12 10 12 10 10 12 14 15 17 19 21 21 23 25 26 25 27
12 14 15 14 19 17 22 23 23 26 28 27 30 26 27 31 31 34 35 38
9 10 7 11 8 7 8 7 15 11 10 10 8 9 9 15 12 13 21 29
6 8 8 12 11 10 16 13 16 22 20 24 24 16 12 14 18 16 14 38
12 11 17 13 10 13 14 17 19 20 15 12 16 13 16 18 19 18 18 18
13 17 17 18 19 18 22 26 29 17 21 18 18 23 15 21 23 23 30 28
15 19 23 23 30 21 27 24 28 39 33 36 26 28 39 42 35 34 36 34
10 5 8 7 6 11 11 12 13 10 11 16 15 17 17 20 21 20 18 15
12 15 8 15 12 10 11 15 18 15 24 23 19 20 26 30 35 52 40 23