11 10 0 1 11 21 31 32 22 23 13 12 22 21 20
1 2 3 13 23 22 21 31 41 42 32 31 21 20 10 0 1 2 12
22 32 42 43 44 34 33 23 13 12 11 21 22 32 33 43 42 32 22 23 24 14 4
1 2 3 13 23 24 34 35 25 15 14 13 23 24 34 33 23 13 12 2 1 0 10
22 32 31 30 20 10 11 21 31 32 22 12 13 23 33 34 24 14 15 25 35 36 26 16 17 27 37 38 28 18
25 35 34 24 14 24 25 35 34 24 23 13 14 15 25 24 14 13 23 24 34
11 10 20 21 31 32 22 12 2 1 11 12 22 21 20 21 22 23 24 25 26 27 37 36 26 25 35
5 15 14 24 25 15 16 26 27 37 36 35 25 15 14 4 3 13 12 22 21 11 1 0
31 32 22 12 13 14 13 23 33 32 33 23 24 34 44 45 46 36 35 25 15 14 13 23 22 12 2 1
1 11 21 20 30 40 41 42 43 33 34 24 23 13 14 4 5 15 14 4 5 15 25 26 27 28 38 37 47 37 27 28 38 37 27 26 36 37 38
2 12 13 14 15 25 35 45 44 34 33 32 31 21 11 12 2 1 0 1 11 21 31 30 31 32 22 21 31 32 33 34 35
23 13 12 22 32 33 34 24 23 13 14 4 3 13 23 24 25 26 36 46 47 37 27 28 38 37 27 26 36 37 38 37 27 28 38 48
1 11 12 11 21 20 10 11 1 11 12 22 21 11 10 11 1 2 12 11 21 22 32 31 21 11
34 35 25 26 16 6 5 4 3 2 12 13 14 4 3 2 12 22 32 42 43 44 45 46 36 35 34 44
23 22 12 13 3 2 12 11 21 22 32 33 23 24 34 35 45 44 43 33 32 42 32 22 12 2 3 4 5 6 16 26 36 46 47 37 36 26 16
1 2 3 13 12 11 12 13 23 22 32 33 43 42 32 22 23 24 14 4 5 15 25 26 36 37 47 37 36 46 47 48 38 28 27 37 38 37 36 26 27 37
22 32 31 21 11 12 13 23 33 32 42 41 31 30 40 41 42 32 22 21 11 1 0 1 2 12 13 14 4 5 15 25 24 34 44
10 20 21 11 1 2 12 13 23 33 32 42 41 31 32 22 12 2 1 11 10 11 12 13 14 13 23 33 32 33 23 24 14 4
11 12 13 23 22 32 33 43 44 34 24 25 35 45 44 45 46 36 37 47 46 36 35 36 26 27 17 16 6 7 8 7 17 27 37 38
12 22 32 31 32 33 23 24 14 15 25 35 36 37 47 46 36 35 45 44 43 33 32 42 43 33 23 24 23 22 21 20 10 0
