22 23 13 3 4 14 13 23 33 43
20 30 31 32 22
31 32 22 12 22 21 31 32
31 30 40 41 42 43 33
22 12 2 3 13 23
30 31 32 33 43 42 32 22 12 11 10
10 11 21 22 23 33 32 31 21 20 10
1 2 12 11 21 20 10 0 10 11 21 20
11 1 2 12 13 12 22 23 33 32 33 34 35
27 28 38 48 47 37 36 35 36 26
20 30 31 32 22 23 13 12 11 10 20
31 32 22 12 22 21 31 32 22 21 31 30 31 21 20 10
1 2 12 11 21 20 10 11 12 11 21 20 30 40 41
14 4 3 13 12 22 32 42 32 33 23 24 34 33 23 22 21
4 5 15 16 6 7 8 18 28 27 26 25 15 25 35 45 44
12 2 3 13 12 2 1 11 10 20 30 31 41 40 41 42 32 33 34 44
1 11 10 20 21 11 10 11 1 2 12 13 23 33 34 44 43 33 32 42 43
5 15 14 4 3 13 23 24 25 15 16 26 25 35 34 44 45 35 36 46
25 15 14 4 3 13 23 24 14 15 25 24 34 35 36 37 38 48
20 10 0 10 11 21 22 32 42 32 31 21 22 23 33
