32 31 41 42 32 42 43 44 45 35 34 24
1 11 12 13 14 4 3 13 12 11 10 0 1 11 21
31 32 22 12 2 3 4 14
23 22 32 31 21 22 23 24 25 26 27 37 36 26 25
21 20 30 31 21 20 30 40 41 42 43 33
1 2 3 4 14 24 23 22 23 33
20 30 31 41 42 43 44 34 24 23 33
25 26 27 17 16 26 27 17 16 26 25 26 27 37 36
22 23 24 34 44 43 42 43 44 34 33 23 22 21 11 1 0 10
10 11 1 2 3 13 14 4 3 2 1 11 10 20 30
25 15 16 6 5 15 25 24 23 33 32 42 43 33 32 31 21 11 12 2 3 4 5 6
14 15 16 26 36 37 27 26 25 26 16 17 7 17 16 15 14 4 3 2 12 22 23
12 22 21 11 12 22 32 42 43 44 34 24 34 35 25 24 34 35 25
0 10 20 21 31 41 42 43 33 32 31 21 22 12 13 3 4 14 13 12
1 0 10 20 30 40 41 31 30 40 41 31 32 22 23 13 14 4 3 4 14 13 3 2 1 0
1 2 3 4 14 15 5 4 3 2 1 0 10 20 30 40 41 42 43 33 34 44 43 42 41 40 30 20 21 22
21 22 23 24 25 15 5 4 3 2 3 4 5 15 14 4 3 2 12 22 32 42 41 42 43 44 45 35 34 24 23 22 21 20 30
22 12 13 3 4 5 6 7 8 18 28 38 48 47 46 36 35 25 26 36 46 47 48 38 28 18 8 7 6 5 4 3 2 12 11 1 2 3 4 5 6 7 8 18 28 38 48 47 46 36 26 25
10 11 12 13 14 4 5 6 7 8 18 28 38 48 47 46 36 26 25 35 34 44 43 42 41 40 30 31 41 42 43 44 34 33 43 42 41 40 30 31
14 15 16 26 25 15 5 15 14 4 3 2 12 11 21 22 32 42 43 33 34 44 45
