22 23 13 3 4 14 24 25 35 45
22 23 24 25 15 5 4 14 13
22 12 13 14 15 25 24 23 22 12
10 11 21 22 12 13 12 22 23 13 14 24
1 2 12 13 23 13 3 2 12 11
1 2 12 13 23 24 25 15 16 17 18 8
1 11 10 0 1 2 12 2 3 13
12 2 3 13 23 13 12 2 1 0
1 11 10 0 1 11 1 2 12 22 23 13
10 11 12 2 1 0 10 20 21 11 10 20 21 11
21 22 32 31 30 31 21 11 1 0 10 11 21 22 23
23 13 12 13 23 33 32 33 23 22 12 11 21 11 12 13 23
11 12 2 1 0 1 11 21 31 30 31 32 22 12 22 21 31 32 33
11 10 20 21 22 32 42 43 44 34 24 14 4 3 13 12 22 23 33 32 31
11 10 20 21 22 12 2 1 11 21 31 32 22 21 11 12 13 3 2 1 11
22 32 42 41 31 21 11 10 0 1 11 21 31 30 31 32 22 12 22 21 31 32 33
31 32 22 23 13 3 2 12 22 32 42 43 44 34 24 25 15 14 24 23 13 14 24 34 33
12 11 10 0 1 2 12 22 12 13 14 24 14 13 3 4 5 4 14 13 12 11 1 2 3 13
23 13 3 2 1 0 10 20 21 31 30 31 32 22 21 11 12 13 23 33 34 35 25 24 14
23 13 3 2 1 0 10 20 21 22 32 31 41 42 32 22 12 11 12 13 23 33 34 44 45 35 25
