22 32 42 43 42 41 31 32 22 23 33 32
22 32 31 21 11 12 13 23 22 32 22 23 24 34
11 10 0 1 11 12 13 14 24 25 15 14 13 12 22
11 12 22 32 31 30 20 21 11 12 2 3 13 23
10 11 21 22 32 31 30 20 10 0 1 2 12 13 3 4 14 13 23
1 2 12 22 23 22 32 31 21 20 10 0 1 11 1 2 12
23 13 12 22 23 33 32 22 23 24 25 35 34 33 23 24 14 4 3 2 1 11
1 11 12 22 21 31 30 20 10 11 12 22 23 33 34 24 14 13 12 22 21 11 1
1 2 12 11 10 11 12 13 14 13 23 22 12 11 1 2 12 22 21 11 12 13 23
23 13 12 22 23 24 25 26 27 37 47 46 45 35 34 24 25 15 16 26 36 35 34 33 32 31
25 35 34 44 45 46 36 26 25 24 23 13 12 11 1 0 10 20 21 11 12 22 21 31 32 33 34 35
41 31 32 33 34 24 14 13 12 11 21 20 30 31 21 11 1 0 10 11 21 31 41 42 32 22 21
1 2 12 11 1 2 12 11 1 0 10 11 12 22 21 31 32 33 23 13 14 24 34 33 34 24 25 35 34 44
31 32 22 12 13 23 33 32 33 23 24 14 4 14 24 34 44 43 42 32 33 23 13 14 15 25
22 12 2 3 13 23 24 34 44 34 35 36 46 45 35 34 24 25 15 16 26 36 35 34 33 32 31
34 33 23 13 14 24 34 33 34 35 25 26 16 17 27 37 36 35 34 33 23 22 23 24 34 44 34 35 36 37 47
22 32 42 43 44 45 35 25 24 23 22 32 31 21 22 12 11 10 11 12 13 14 15 25 35 34 33 43 42 32 22
10 11 21 20 30 40 41 42 32 31 21 22 23 33 43 44 45 35 25 26 27 37 36 46 36 26 25 35 34 35 36 26 27 17
25 35 45 46 47 48 38 28 27 26 16 17 7 17 27 26 16 15 16 17 27 37 27 26 25 35 34 33 32 31 32 42 43 33 23
25 26 16 15 25 26 27 37 38 48 47 37 38 28 27 37 36 35 34 33 34 24 14 13 12 11 21 31 32 22 12 2 1 11 12 22 21 20
