31 32 42 43 44 45 46 36 26
22 32 42 43 44 34 35 45 46 36
1 2 12 13 3 2 1
22 23 13 14 15 16 17 18 28 38 48
1 2 3 4 14 13 12 2
1 2 12 13 3 2 1
1 2 3 13 23 22 21 20
10 0 1 2 3 13 23
3 4 14 15 5 4 3 2 1 0 10 20 21 31 41
11 12 22 23 24 34 44 43 42 41 40
11 12 13 23 33 34 44 43 33 32
14 4 5 6 7 17 27 26 36 35
22 32 42 43 44 45 35 25
21 31 41 42 43 44 45 35 36
21 20 30 31 41 42 43 44 45
21 31 30 40 41 42 43 44 34 24 14 4 5 6 16
21 20 10 0 1 2 3 4 5 15 25 24
1 2 3 13 23 22 32 31 41 42 43 44 45
10 20 30 40 41 42 32 33 23 13 3 4 5 15 25 35 45 46 47 37 27
10 20 30 40 41 42 32 22 12 2 3 4 5 15 14 4 5 15 25 35 34 44 45 46 47 37 27 17 7
