2 3 4 14 13 12
11 12 13 14 24 23 33 32
11 12 13 23 33 34 44 43
10 20 30 31 32 22 23 13 14 4 3 2
20 10 0 1 2 3 4 14 13 23 24
20 30 40 41 42 43 33 34 24 25
13 3 2 1 0 10 20 30 31 41 42 43 44 45 35 25
21 31 30 20 21 22 23 24 25 26 27 17 18
1 11 10 0 1 11 12 13 23 24 25 35 36 37 47 48
2 3 4 5 6 7 17 18 28 38 48 47 46 45 44 43 42 41 40 30 20 10
11 12 13 3 4 5 6 16 17 27 26 25 24 34 33 32 42 41 40 30
13 3 2 1 11 10 20 30 31 41 42 43 44 45 46 36 37 27 17 7 6 16 15 25
22 12 2 1 0 10 20 30 40 41 42 43 44 45 46 36 37 27 17 16 6 5 15 25
10 0 1 11 12 2 3 4 14 15 16 6 7 8 18 28
1 2 12 13 14 15 16 17 27 28 38 48
5 6 7 8 18 17 27 28 38 48 47 46 45 44
30 40 41 31 30 20 10 0 1 2 3 4 14 15 16 17 18 28
1 2 3 13 12 2 3 4 5 6 7 17 18 28 38 48
5 15 16 26 36 35 45 44 43 42 32 33 43 44
1 2 3 13 14 15 16 6 7 8 18 28 38 48 47 46 36 35 34 44 43 42 32 31 30 20 21 31 32 42 43 44 34 35 36 46 47 48
