31 41 42 32 33 32 31 21 11 1 2 12
20 10 11 1 2 3 13 14 24 34 33
10 0 1 2 3 13 23 24 14 15 25 35 45 44 43 42 32
10 11 12 22 21 11 10 11 21 20 30 31 21
10 11 12 13 23 22 21 31 32 22
1 2 12 22 23 13 12 13 23 22 32 31 21
1 11 21 22 12 11 1 11 21 20 30 31 21 11
1 2 12 13 3 2 1 2 3 13 12 22 21 31 30 20 10
1 2 12 13 14 4 3 13 12 13 14 24 34 33 43 42 32 31 21
22 32 33 23 22 21 20 10 0 1 2 3 4 14 13 12 22 21 20 30
11 10 20 30 40 41 42 43 44 34 35 45 44 34 33
31 32 33 23 24 34 33 23 24 14 13 12
14 4 3 2 1 11 21 22 21 31 32 42 43 44 45 35
22 21 31 32 42 43 44 45 35 36 26 25 35
25 26 16 17 7 6 5 4 3 2 1 11 21 22 12 11
20 10 0 1 2 3 13 23 24 14 13 3 2 12 13 23 33 32
22 21 31 30 40 41 42 43 44 45 46 36 26 25 35 36 46 45 35
22 12 13 23 33 23 24 14 13 12 2 3 13 12 22 21 31 41
22 21 31 30 20 21 22 23 13 14 4 3 13 23 33 43 44 34
13 3 4 5 6 16 15 16 26 36 35 45 44 43 33 43 42 32
