21 31 30 40 41 42 43 44 34 24 25 35 34
23 22 21 11 12 22 23 24 25 26 16 17 27 37 36 26 25
21 31 30 40 41 42 43 33 34 24 25 26 27 37 47 46 45
22 32 33 43 44 34 33 32 22 32 33 34 24 14 15 5 4 3
25 26 36 37 27 26 25 24 23 24 25 26 27 17 7 6 16 26 25
1 11 12 13 3 2 12 11 12 13 23 33 32 42 41 31 30 20
1 11 10 20 30 31 41 40 30 20 10 11 1 2 3 4 5 6 7 17 18 28
5 6 7 17 18 28 38 48 47 46 45 44 43 42 41 31 30 40 41 42 43 44 45 46 47 48
14 4 3 2 12 11 1 2 3 4 14 24 23 24 14 4 5 6 16 17 27 37 36 46 45 44 34 24 25
10 11 21 22 23 13 12 22 23 13 12 11 21 22 12 11 10
12 13 3 2 12 22 32 33 43 42 41 40 30 20 21 22 12 2 3 13 12
10 11 12 13 23 33 43 42 32 31 32 33 43 42 41 31 21 11
10 11 1 2 3 13 14 4 3 2 1 11 10 20 10 0 1 2
23 22 12 11 21 22 32 31 21 22 23 24 34 44 45 46 47 48 38 37 27 26 25
34 44 43 42 32 22 12 13 14 24 34 44 45 46 36
34 33 32 31 21 22 12 13 14 24 34 33 34 44 45 46 47 37 27 26 25
34 44 45 46 36 37 27 28 38 48 47 46 45 44 43 42 41 31 30 20 10 11 12
14 13 12 11 21 22 32 33 43 42 32 22 12 13 14 13 12 2 3 13 14 24 25
34 44 45 35 36 26 27 37 36 46 45 44 43 42 32 31 21 20 10 11 12 13 3 2 12 13 3 4 5 15
10 20 21 31 41 42 43 33 34 24 25 26 27 17 18 28 27 26 25 24 14 13 12 22 21 31 41 42
